747
314
974
1
346
740
926
61
20
746
843
69
709
693
47
60
675
903
188
907
956
130
891
13
993
854
675
45
449
689
486
736
336
745
664
599
938
519
916
387
531
663
718
755
279
420
37
363
815
263
369
167
216
221
688
24
309
502
582
635
175
769
847
135
861
686
527
36
371
436
364
183
875
803
755
622
671
646
989
406
199
623
862
839
684
915
658
590
232
698
989
892
18
266
427
811
576
234
568
719
961
981
560
831
933
909
820
22
79
763
859
50
390
244
544
139
694
562
183
49
178
240
893
512
251
20
31
329
577
157
862
599
325
685
337
693
709
955
972
486
14
890
512
112
272
691
430
913
707
409
604
785
631
28
598
452
415
316
416
556
331
404
497
252
839
15
996
819
753
971
628
489
334
784
957
96
62
130
28
379
629
656
466
844
522
571
824
968
762
242
997
123
837
366
143
171
531
433
994
27
367
318
86
510
811
722
454
896
901
948
399
894
565
610
453
571
306
237
215
58
354
652
580
528
446
167
993
230
936
885
523
605
799
381
632
705
906
147
92
402
422
854
43
407
710
322
24
211
290
559
375
914
22
499
602
212
351
277
101
330
361
521
496
359
272
180
613
202
57
836
735
303
184
243
651
608
697
45
728
156
238
574
851
248
663
158
992
929
482
401
127
626
583
381
676
945
252
427
973
628
78
282
528
833
196
820
234
291
907
835
650
601
980
360
847
637
79
786
16
161
762
420
365
431
641
347
927
361
643
408
48
958
232
813
572
271
387
857
225
353
677
807
633
224
282
87
552
187
998
444
390
462
386
222
562
679
631
956
493
472
675
700
812
39
908
202
119
797
240
597
822
179
380
638
921
632
197
399
339
516
14
629
933
227
478
119
624
134
763
44
181
237
740
449
386
549
706
649
41
343
796
882
98
914
457
63
665
176
709
904
517
459
876
983
529
115
691
162
331
390
549
301
764
482
947
358
579
118
882
527
229
453
531
21
40
217
70
418
799
208
183
697
75
276
165
36
790
697
639
639
865
929
564
799
536
296
77
568
321
332
698
482
80
147
887
293
949
666
767
506
645
964
357
142
956
852
498
110
151
347
966
108
665
607
55
723
589
449
760
882
471
588
864
787
921
212
411
684
969
27
551
168
621
768
441
434
539
836
675
201
910
133
110
992
66
669
407
23
715
708
216
625
520
473
520
316
713
399
99
647
303
277
661
395
113
219
651
876
209
36
925
146
811
95
529
809
62
342
221
322
648
751
864
747
707
774
982
211
763
377
465
396
732
434
64
719
293
398
43
311
711
718
79
536
108
998
54
650
70
350
570
428
858
245
440
397
22
427
261
64
404
260
735
86
370
760
765
551
776
721
226
791
700
359
308
296
690
82
940
591
970
610
609
699
688
15
540
596
886
946
434
58
155
257
372
306
103
987
70
982
590
914
470
433
437
190
729
516
843
245
640
140
384
561
87
841
853
341
828
780
199
902
181
134
808
735
27
587
393
591
16
744
54
361
956
891
91
791
758
378
404
938
886
670
135
183
636
261
799
243
421
667
890
667
13
8
450
705
195
646
167
287
887
261
601
458
851
345
67
691
394
882
632
224
695
356
2
806
724
930
212
152
22
419
720
146
466
322
595
964
915
472
758
263
618
745
386
137
806
948
636
429
895
599
459
394
6
228
253
694
433
837
449
717
252
208
264
885
361
568
980
764
36
956
382
329
55
976
169
161
311
616
707
393
215
348
475
600
48
487
982
26
751
623
33
342
594
578
927
117
177
46
903
426
756
119
121
494
231
880
653
347
596
481
504
478
443
763
488
671
105
149
544
898
527
338
591
126
523
379
384
875
521
627
34
32
604
811
495
11
735
384
394
502
508
830
308
34
475
317
878
753
244
629
904
690
587
686
811
910
388
356
581
475
708
33
187
792
22
259
696
74
388
7
9
777
968
638
408
482
325
182
530
843
871
849
482
311
847
527
983
645
826
217
912
34
431
425
51
443
264
246
350
661
429
507
294
971
27
592
890
347
100
147
201
276
439
254
861
319
615
233
711
556
235
971
605
474
245
886
172
371
967
745
499
136
600
687
360
676
769
889
853
775
467
476
375
536
313
505
565
9
765
412
527
918
798
605
514
898
892
140
295
458
289
927
513
600
359
796
122
472
247
718
668
294
689
712
282
539
460
804
703
516
254
829
521
721
79
759
405
253
186
194
404
690
665
322
207
164
63
697
192
746
642
598
329
405
451
70
488
413
698
725
893
176
444
141
805
510
163
459
933
342
342
140
139
712
497
790
453
68
605
266
541
653
451
951
138
380
466
609
154
779
765
899
484
687
537
333
400
163
724
304
291
994
590
438
649
32
488
383
431
674
187
263
651
430
901
474
189
623
363
688
981
847
241
526
117
844
356
348
935
479
476
475
147
441
895
800
991
84
384
838
503
552
864
171
122
453
931
899
224
42
204
46
858
338
910
818
947
17
509
697
417
800
827
383
961
124
442
833
913
158
676
771
610
271
160
737
144
436
822
76
684
914
170
113
583
804
431
883
555
784
599
272
598
347
23
774
421
827
897
493
903
876
725
680
171
375
246
947
943
888
573
350
446
307
575
759
404
628
783
214
649
167
164
574
834
787
488
125
356
670
79
118
340
224
924
280
123
666
740
203
698
461
480
824
567
513
459
333
66
952
127
27
783
688
869
396
553
844
126
31
647
156
426
860
387
377
513
997
647
301
247
913
356
616
708
182
74
99
787
313
784
752
930
672
71
341
325
97
602
49
541
872
930
585
212
684
588
554
894
351
52
255
53
826
23
404
138
848
169
184
56
787
440
627
506
582
767
236
220
677
190
463
260
3
303
75
773
709
930
814
539
670
986
848
329
662
955
434
371
648
863
584
834
969
780
578
462
366
839
772
810
779
701
603
392
748
993
243
258
793
242
394
437
661
132
751
153
595
635
55
395
950
191
353
702
624
890
750
539
776
915
340
815
688
527
404
144
573
847
481
457
445
501
775
952
605
558
975
543
981
610
77
680
124
328
453
441
652
545
806
522
154
679
30
704
130
393
711
981
877
901
452
212
391
338
1
582
945
512
820
306
557
522
613
230
613
758
881
358
731
105
764
605
881
866
156
817
311
851
302
601
109
171
756
781
944
36
138
658
57
919
638
361
137
755
133
963
245
431
633
459
639
440
75
90
787
714
519
628
320
814
4
513
271
60
435
328
404
778
877
941
422
341
293
719
29
939
58
621
686
27
353
671
114
939
247
525
94
736
628
17
410
947
833
221
786
985
116
965
827
31
235
171
363
479
548
404
373
337
871
570
702
78
594
640
652
762
406
526
939
184
493
206
270
706
726
897
617
347
216
632
505
564
473
314
763
142
45
360
574
766
277
549
149
301
753
466
310
1
718
603
532
320
736
908
450
938
710
323
515
493
659
134
401
563
563
135
662
516
543
55
124
12
823
518
755
115
863
677
193
416
535
511
895
310
532
755
629
34
862
688
734
462
693
448
165
725
951
879
283
461
373
882
823
640
709
412
291
541
597
441
20
199
270
885
388
902
709
824
46
328
413
488
72
538
146
749
709
808
743
896
883
31
214
851
518
157
608
61
896
261
319
191
411
772
615
33
266
686
412
830
976
403
448
265
323
51
390
817
713
126
77
225
818
461
13
925
872
77
492
412
578
556
406
347
226
826
817
430
554
868
933
206
620
760
651
401
490
575
512
785
433
128
73
368
102
381
393
180
327
124
874
683
216
873
733
706
149
854
778
477
282
26
945
170
124
466
975
439
937
565
2
321
188
935
539
980
124
181
50
931
475
899
409
338
130
679
980
929
455
290
704
906
75
816
575
88
738
942
666
644
140
147
939
81
227
560
704
867
192
330
435
949
806
303
142
700
533
204
536
328
66
554
216
373
847
18
822
847
869
375
182
837
466
939
885
19
193
272
870
964
449
32
747
840
140
94
692
697
178
102
688
642
320
659
445
74
942
755
242
681
649
531
661
503
616
405
858
809
701
806
12
444
77
495
767
635
865
206
342
55
767
35
265
278
750
719
816
744
776
713
545
717
214
360
408
249
992
288
790
193
351
988
480
202
287
247
521
578
157
346
660
386
976
686
994
127
771
376
850
686
945
449
502
152
997
994
414
787
734
765
853
20
732
584
789
106
447
899
420
974
346
821
206
710
755
179
239
472
399
141
206
929
70
129
684
681
311
74
384
61
643
71
398
489
819
149
439
361
71
886
921
673
381
792
755
418
420
232
163
653
659
321
761
290
683
606
554
768
745
443
558
310
565
302
699
369
467
578
516
30
55
102
109
171
935
217
981
36
933
423
987
384
401
907
689
333
397
714
513
239
669
935
21
900
131
812
977
335
452
946
328
348
608
783
182
496
171
735
510
871
896
515
404
387
396
873
8
781
571
225
94
370
530
366
101
440
993
196
384
850
175
784
246
545
592
218
895
418
146
776
364
366
767
225
201
448
630
207
983
642
452
724
159
943
254
333
377
947
840
742
728
6
524
930
19
644
854
272
317
801
714
65
222
931
460
899
948
893
825
792
270
725
226
940
435
632
522
541
138
142
628
419
303
51
889
637
527
264
37
425
30
493
862
874
48
909
129
356
951
48
914
159
521
585
797
347
13
664
167
844
833
474
304
311
994
687
901
412
510
924
892
777
105
141
255
19
173
223
71
415
504
202
462
725
78
23
338
348
997
769
925
940
333
621
104
807
819
147
116
558
193
650
593
395
941
508
967
997
941
511
493
581
218
164
222
160
366
500
753
942
425
914
75
753
733
250
234
761
178
230
578
376
208
553
494
757
522
800
214
149
935
95
188
836
562
475
136
125
798
772
91
551
237
611
470
904
261
540
526
116
277
220
671
759
785
968
350
778
403
634
795
160
662
776
78
619
999
188
448
965
495
278
785
155
169
851
449
590
197
421
309
191
927
652
298
204
222
747
291
255
906
794
791
211
230
6
457
663
159
756
735
915
807
373
937
454
230
840
299
698
229
729
251
610
71
727
698
80
223
373
768
418
976
574
529
994
66
360
764
540
51
736
597
742
550
518
673
341
10
798
15
929
459
77
173
794
610
282
211
501
186
125
348
541
66
844
495
865
330
842
42
214
866
853
653
506
160
477
378
404
796
376
200
313
300
674
691
250
80
17
494
273
64
952
5
827
259
818
5
919
340
844
205
635
133
684
256
872
616
416
169
366
133
762
109
207
962
801
336
205
744
286
252
70
474
856
48
553
281
725
830
151
29
13
588
812
514
455
35
915
173
326
578
423
224
434
819
249
594
9
283
83
537
812
221
802
583
118
608
602
946
892
496
989
479
49
496
362
428
168
178
466
463
742
560
892
816
501
122
684
864
210
837
33
408
552
653
905
651
39
921
292
783
444
904
302
380
262
75
205
507
881
283
507
222
802
6
489
782
552
756
957
567
509
778
883
785
598
480
272
459
543
127
973
849
554
710
736
470
565
917
715
63
317
632
159
389
452
652
49
866
945
117
76
254
74
365
728
332
241
435
282
936
568
832
369
265
686
457
652
876
603
276
522
327
74
687
947
246
554
573
339
941
404
532
105
44
701
135
503
456
429
498
827
633
222
830
105
227
921
934
876
713
964
81
417
231
771
154
470
811
322
582
865
477
763
888
898
915
45
866
562
662
655
700
438
668
691
590
921
214
517
630
591
364
896
755
649
734
20
343
581
164
63
223
904
151
325
865
219
265
559
994
964
72
25
877
583
498
755
271
473
321
235
630
780
707
330
14
520
657
455
289
253
116
116
974
132
59
201
302
515
597
71
918
114
942
220
473
951
353
845
872
429
436
263
478
864
895
865
911
301
594
492
52
152
403
239
641
78
695
140
790
44
758
697
909
648
195
925
886
310
214
210
244
399
961
194
693
60
503
332
57
15
867
879
84
282
17
590
725
690
558
313
30
302
926
535
127
423
338
958
793
799
962
132
908
636
344
787
445
300
575
424
694
196
367
788
351
851
60
177
737
320
403
996
848
710
348
159
678
26
244
187
272
865
99
89
431
388
621
190
20
733
613
422
888
398
406
473
977
811
322
94
8
218
636
774
94
822
471
807
533
110
84
86
62
507
497
804
300
231
673
328
670
56
495
445
796
567
805
485
216
996
752
457
357
945
269
461
25
183
722
300
702
54
955
975
608
327
997
856
367
798
361
222
855
82
413
881
832
558
209
754
311
258
114
196
107
327
347
21
605
279
73
578
34
946
291
256
735
48
857
746
962
309
245
89
69
484
41
584
893
964
385
365
692
942
742
167
285
239
420
562
4
698
398
819
119
42
476
173
181
4
170
894
755
499
453
180
14
984
993
579
436
89
835
362
335
633
649
98
470
440
497
616
500
793
492
621
977
209
855
201
497
424
819
565
981
304
66
148
196
302
409
548
276
222
897
338
629
306
286
878
622
255
530
250
935
111
636
22
804
373
382
819
733
57
194
831
865
308
432
989
190
231
539
487
474
968
194
523
965
939
923
366
480
590
85
739
69
528
663
26
104
991
240
900
884
881
19
59
145
583
895
916
280
400
424
63
824
323
878
830
316
399
10
859
750
494
476
652
691
689
428
457
489
847
44
873
181
371
655
743
845
476
150
672
54
291
991
923
487
17
606
409
337
363
934
475
1000
378
55
301
236
748
352
363
833
174
991
12
356
44
53
701
897
6
718
327
816
237
595
87
409
636
340
456
832
710
986
922
853
344
152
365
793
15
976
25
714
897
718
787
243
105
359
868
584
729
859
760
98
797
291
881
982
249
366
393
680
96
864
32
901
675
284
688
848
693
248
909
615
557
716
81
52
424
880
214
836
639
546
374
150
892
926
320
998
504
883
215
538
305
898
623
173
335
766
170
310
715
278
740
259
632
778
19
704
654
732
209
106
557
367
153
842
931
804
720
175
945
914
129
452
695
402
530
229
506
604
108
130
82
281
64
240
243
819
256
663
644
69
22
98
984
80
653
202
771
682
362
438
987
476
585
140
530
617
230
180
900
37
376
244
692
888
120
943
38
1000
849
325
222
174
452
74
300
526
486
782
208
842
840
3
154
460
590
979
646
421
543
788
123
443
66
221
148
839
526
21
39
399
879
682
448
353
306
520
180
688
759
297
160
587
386
503
764
177
139
198
170
641
548
262
464
898
689
791
415
632
992
441
80
708
296
710
314
21
602
634
99
299
344
784
417
965
134
602
952
168
689
214
406
340
229
980
371
167
976
763
647
563
831
695
105
420
621
27
127
489
871
393
202
466
56
62
820
982
170
469
775
177
917
149
102
652
811
252
240
813
950
316
221
337
206
376
947
135
573
163
172
268
359
839
110
913
225
945
271
725
462
81
284
35
879
483
406
960
754
768
906
55
761
459
566
505
642
265
514
895
864
757
630
449
960
268
622
611
903
220
939
273
602
423
476
844
264
707
237
593
773
533
138
280
2
817
944
599
599
413
636
43
649
734
205
371
536
796
271
373
507
105
367
96
144
76
964
407
920
594
724
211
430
900
596
188
603
768
624
66
925
929
828
317
593
910
78
404
803
313
789
228
690
473
889
258
809
518
15
21
702
160
457
146
655
451
684
742
532
505
582
209
257
939
742
175
387
735
968
204
64
947
824
66
281
667
746
521
489
614
206
588
847
814
831
486
531
793
165
81
270
580
840
47
349
108
877
715
287
769
627
13
19
477
669
613
635
375
858
128
568
786
749
952
810
334
618
103
9
935
721
332
965
136
322
642
847
944
386
667
581
534
134
913
912
443
75
712
659
681
277
88
202
218
793
805
834
580
659
220
39
413
755
188
600
148
817
952
529
628
881
106
982
226
8
171
942
774
98
88
141
843
327
828
120
138
869
301
768
449
239
500
739
866
565
542
367
474
362
54
488
208
214
821
221
138
537
196
790
893
933
477
645
130
909
386
483
916
968
896
983
703
410
570
964
330
709
563
350
676
435
192
143
950
23
791
542
137
155
165
714
489
803
460
544
58
674
695
604
669
518
77
865
926
592
227
298
262
426
824
190
135
13
709
28
468
277
326
589
197
891
499
284
209
123
411
52
665
352
491
630
67
825
42
101
776
798
128
414
721
397
89
631
197
671
48
787
622
984
901
819
826
766
635
225
288
999
6
905
537
824
551
852
532
167
176
734
409
731
769
716
538
778
123
449
753
613
410
423
89
831
928
173
147
887
704
230
362
655
995
692
944
510
282
75
364
825
454
778
849
29
3
977
389
446
469
418
387
68
933
260
722
859
514
338
103
348
175
99
993
243
575
165
311
153
842
846
441
523
496
251
888
673
216
26
835
79
398
598
124
853
98
469
683
434
460
605
877
118
975
959
407
865
804
785
57
222
283
209
306
266
135
121
193
634
734
749
906
291
883
89
824
245
466
184
774
949
685
713
430
971
445
280
559
989
695
837
211
642
879
973
919
873
672
823
133
142
992
645
541
883
532
499
997
350
875
717
53
67
420
144
380
625
340
255
391
771
513
937
308
70
896
277
826
193
584
461
526
89
755
923
853
183
559
602
387
901
423
747
525
366
188
617
625
103
370
837
621
92
428
972
596
664
796
292
428
832
571
341
424
690
364
193
781
848
842
603
913
576
540
50
321
815
312
45
681
516
122
834
560
982
956
543
975
140
583
608
638
821
467
60
614
641
843
77
593
599
562
276
521
362
554
352
954
647
675
894
483
943
449
510
795
404
89
258
592
685
744
400
214
535
729
797
137
988
437
792
642
201
365
840
316
587
915
840
649
967
227
942
345
72
635
358
796
430
22
696
799
740
613
710
501
491
530
423
72
873
806
517
689
692
170
601
996
230
724
569
718
50
660
584
357
465
466
90
145
68
389
537
687
605
32
260
106
686
25
102
148
61
150
446
40
975
75
818
98
485
974
862
939
935
600
151
185
337
166
168
153
981
40
981
893
720
553
234
87
846
699
174
220
76
938
172
48
589
668
612
41
583
696
181
8
510
2
574
132
885
594
426
398
201
767
353
304
249
720
44
533
811
733
887
740
530
507
523
138
865
5
748
124
39
487
392
437
730
860
308
182
817
663
997
783
983
995
747
194
443
36
221
604
475
311
693
529
722
887
759
347
432
558
944
455
662
315
313
887
728
881
871
99
69
246
881
546
678
582
103
829
379
421
763
155
702
891
77
647
528
890
360
164
750
20
617
10
646
593
678
227
630
642
69
840
154
655
490
354
74
522
90
972
810
955
840
634
661
890
393
277
169
22
335
205
513
356
116
318
41
573
97
932
575
202
467
413
416
689
460
438
233
445
922
832
607
749
875
882
797
770
293
696
9
423
346
809
988
660
198
849
532
698
603
766
460
222
750
753
913
404
749
364
740
517
740
948
667
818
415
501
269
184
587
246
74
247
829
513
890
593
703
625
69
79
490
549
981
139
217
735
949
494
837
302
688
577
393
938
266
404
714
657
582
26
693
705
380
535
750
247
826
538
520
74
804
778
420
389
902
15
680
577
250
85
717
550
358
794
815
419
887
605
770
127
575
294
629
286
557
779
346
309
995
148
514
62
666
89
864
362
313
205
262
520
347
974
586
565
898
720
677
45
210
536
182
382
662
511
365
801
81
626
232
659
300
118
633
464
595
51
464
437
568
57
48
856
264
477
788
819
872
527
968
661
802
197
768
409
464
405
547
377
648
317
657
500
537
953
985
167
134
534
122
887
817
50
639
122
551
972
221
749
905
281
940
605
120
85
178
827
62
67
795
177
553
605
235
805
322
192
925
657
830
26
424
201
929
722
737
439
317
815
15
397
428
487
561
63
3
522
865
624
827
314
457
723
854
613
104
643
512
388
7
22
306
46
370
660
912
673
658
562
647
111
615
709
741
576
580
300
279
260
805
532
264
767
229
692
381
862
436
633
450
714
824
382
581
785
439
901
830
34
72
243
432
756
10
953
369
175
851
435
355
206
590
761
91
241
427
278
23
946
700
973
998
963
379
438
181
447
910
559
630
847
644
873
696
462
820
334
269
806
382
231
976
677
679
564
166
158
630
641
489
634
965
173
566
584
840
495
241
553
127
62
556
146
407
430
463
744
853
133
971
396
352
882
976
435
950
224
455
796
91
666
914
845
105
161
322
37
325
388
325
651
66
558
391
295
158
988
176
715
838
480
245
535
565
249
724
304
369
52
59
383
288
557
731
956
268
669
638
640
114
301
66
381
326
553
835
453
945
55
366
235
413
224
192
911
100
186
92
469
512
523
819
253
183
881
604
390
541
373
78
402
579
658
989
425
86
231
606
290
383
652
239
378
441
809
375
539
632
158
808
39
584
531
108
316
566
634
373
212
48
139
112
725
224
100
144
871
422
211
113
225
373
302
808
16
754
399
475
603
500
931
746
295
791
954
888
652
370
142
533
481
138
997
662
389
321
879
166
731
944
161
5
393
467
970
718
878
617
614
367
525
34
131
491
876
605
243
108
830
926
345
864
934
159
109
614
825
292
815
977
924
48
890
699
204
155
739
135
868
130
536
270
437
202
702
603
225
873
403
415
841
789
790
901
625
66
303
565
450
561
572
485
359
694
351
245
404
834
828
446
440
266
34
939
756
831
544
523
419
797
71
151
803
149
717
403
229
241
564
549
577
910
447
859
682
677
284
617
109
956
676
432
359
740
170
886
392
547
9
225
683
593
578
268
462
502
976
147
139
352
823
61
643
155
296
646
923
488
631
806
255
225
679
755
448
194
747
1000
760
127
541
714
613
727
660
905
89
556
447
608
519
478
709
597
372
462
993
522
757
911
903
122
475
1000
693
496
303
928
425
479
274
170
469
543
993
680
530
543
711
713
655
258
148
531
286
956
37
271
517
818
478
632
859
861
313
828
421
678
389
844
336
690
798
674
933
231
249
904
39
894
144
123
685
173
729
6
714
492
397
299
419
410
851
946
803
210
739
144
485
707
661
189
224
824
222
947
296
214
30
901
517
57
602
308
823
835
402
151
959
982
768
71
966
499
114
865
987
975
773
218
767
119
243
508
692
403
20
849
44
642
657
16
380
263
313
810
255
883
833
283
576
689
407
154
46
238
757
380
229
969
131
565
147
916
853
76
347
868
215
146
883
36
25
307
293
302
363
365
458
992
64
298
566
335
898
509
389
333
776
173
55
101
994
874
606
768
139
819
481
675
331
193
377
25
399
533
34
408
86
47
13
73
349
739
33
227
794
835
361
907
726
151
328
460
513
839
132
675
522
368
162
687
416
435
643
835
343
575
817
232
657
790
82
212
983
639
533
657
761
421
865
816
625
330
808
238
588
611
450
756
749
223
624
279
200
625
83
426
883
362
888
631
982
143
353
449
936
530
482
193
447
766
728
625
243
738
709
864
36
762
640
888
810
289
813
369
751
263
245
511
2
999
813
268
140
659
849
468
877
513
844
572
961
61
717
182
251
871
823
973
648
213
300
508
647
396
842
278
192
344
6
832
396
930
338
27
270
13
216
542
273
952
624
911
972
381
923
459
517
314
46
271
558
951
363
384
235
920
67
527
105
888
692
195
652
628
156
179
153
849
648
647
492
467
431
643
142
227
549
601
985
208
1
354
497
160
684
195
329
215
379
536
198
271
266
269
268
99
619
662
563
674
361
76
605
73
708
853
48
926
526
287
185
102
98
61
277
541
509
570
461
964
160
974
338
982
815
559
17
265
32
50
967
729
104
285
559
167
54
397
140
921
874
942
699
810
430
760
323
887
612
56
290
314
207
424
800
323
181
826
817
584
306
130
535
756
101
188
361
494
268
722
80
623
397
392
290
715
417
322
979
794
453
754
563
259
596
674
529
365
905
140
728
40
993
109
757
239
854
136
693
679
352
250
552
738
255
493
868
270
669
486
334
887
450
269
445
635
319
584
405
10
732
653
636
358
505
857
439
25
560
545
647
765
784
121
211
341
694
484
507
803
723
491
881
340
539
487
977
136
190
811
246
586
436
597
356
98
897
843
219
547
227
73
978
806
616
459
982
888
10
278
624
714
487
331
969
782
846
258
609
629
294
619
789
668
518
580
164
397
591
429
314
401
625
428
868
902
41
377
300
871
966
724
723
525
33
932
626
682
679
770
596
381
99
992
46
730
453
690
228
39
390
124
103
631
897
245
255
555
508
632
828
285
164
582
612
373
477
873
52
509
479
670
533
403
706
347
785
31
87
346
862
890
244
346
825
304
370
439
939
968
783
763
192
421
385
467
844
223
883
976
995
865
316
918
93
859
263
139
615
789
475
577
588
817
560
611
635
909
388
893
195
244
314
882
954
766
200
918
933
647
483
816
259
146
131
621
930
375
989
888
945
146
607
833
699
590
579
762
227
690
535
726
939
596
74
258
294
10
574
746
967
450
848
87
445
496
6
318
487
284
467
59
933
352
28
818
988
282
202
891
783
484
202
621
89
559
617
880
947
299
661
420
925
1
163
575
414
876
282
789
560
885
772
373
55
630
911
141
958
238
862
509
883
888
805
320
608
455
207
101
520
434
82
787
783
678
737
123
786
663
283
777
994
216
328
97
609
550
357
539
337
563
279
846
855
691
19
676
817
924
949
459
102
713
87
723
475
491
37
868
953
408
314
58
511
532
445
205
160
129
315
194
493
935
91
409
107
444
234
657
596
652
334
730
797
100
337
772
39
373
151
76
420
339
141
156
715
541
572
570
443
207
488
324
119
387
330
929
302
220
131
837
428
790
363
607
35
675
610
363
574
620
211
368
756
904
532
780
711
263
5
74
196
559
584
619
864
294
624
603
956
690
352
296
119
279
410
809
639
384
818
844
260
266
186
563
946
398
681
419
209
588
441
252
110
379
496
385
714
231
738
51
760
870
680
72
663
605
431
716
754
374
924
751
597
216
457
378
283
359
865
359
564
126
58
918
253
130
948
313
699
845
597
83
467
271
167
364
359
463
682
440
901
187
792
597
857
272
869
547
319
992
952
7
741
872
707
475
363
341
130
50
4
824
473
269
677
768
342
467
350
973
754
45
358
349
846
605
748
497
79
133
153
494
362
81
85
360
45
876
430
938
492
195
222
146
39
370
986
798
306
146
401
394
917
166
602
491
59
93
23
106
718
501
565
239
729
306
364
651
893
331
436
344
291
551
921
857
20
23
365
267
999
807
852
439
565
854
215
287
307
710
233
574
423
293
848
655
575
241
483
6
202
802
394
628
935
900
751
724
976
964
1000
515
788
142
300
49
575
502
672
645
973
223
960
921
710
372
248
927
26
843
640
12
931
48
611
459
731
117
192
985
881
462
808
894
272
582
47
835
32
364
40
680
85
850
842
127
129
863
641
46
350
611
215
238
173
900
267
408
689
991
316
107
324
641
16
736
85
991
193
948
165
348
260
667
643
781
505
113
286
369
483
583
371
498
543
906
864
431
597
486
397
315
163
86
288
21
293
169
100
274
401
435
131
520
881
193
963
808
952
501
855
735
471
398
261
703
267
886
538
324
724
616
633
884
567
609
982
653
460
506
461
510
519
417
76
74
774
166
903
149
997
345
942
239
14
380
795
518
325
557
312
411
466
760
713
738
459
12
400
686
520
315
269
883
923
78
812
653
59
59
180
709
269
799
250
678
315
879
498
681
829
552
858
862
904
969
862
725
334
802
930
539
63
413
451
241
733
12
185
257
735
40
986
242
23
170
900
139
710
377
511
100
75
441
182
976
441
59
429
344
965
261
440
622
231
190
528
979
174
483
255
495
52
809
876
556
222
862
250
433
887
562
459
753
391
862
179
629
561
433
623
724
687
137
122
438
532
138
182
824
737
558
64
96
407
521
569
925
850
58
729
401
724
485
238
25
805
899
594
290
675
738
736
35
304
470
618
226
14
866
880
226
585
714
134
589
213
561
538
140
360
460
482
691
959
649
220
359
851
385
586
303
763
860
969
524
230
954
821
650
991
512
378
448
661
627
42
460
981
62
620
104
715
434
504
910
958
787
39
222
524
755
433
286
814
600
553
81
370
375
197
11
483
229
304
194
230
389
136
89
713
983
763
922
83
995
476
493
34
853
474
117
242
524
289
693
863
573
756
25
556
541
116
801
929
690
820
981
930
131
813
391
740
548
858
704
10
717
556
320
799
476
186
596
394
343
661
774
28
174
131
839
878
233
747
210
463
944
79
686
742
828
259
385
943
938
708
881
447
323
183
208
475
352
971
568
743
214
215
716
814
320
628
776
844
63
85
498
692
207
617
557
736
600
587
225
136
224
928
145
732
222
143
680
323
905
385
812
977
932
137
48
837
811
594
602
574
629
835
25
587
939
203
836
275
175
656
555
447
872
64
135
535
773
947
69
614
374
11
598
688
943
746
966
550
726
994
991
350
230
593
919
440
828
234
725
947
262
394
569
898
771
649
805
84
199
342
800
200
834
96
134
726
16
84
603
993
435
772
267
868
426
576
963
889
957
125
420
905
524
990
476
33
441
887
66
668
135
210
857
971
273
69
420
59
405
575
852
908
614
333
135
65
239
584
725
243
20
22
681
628
828
781
381
113
810
263
859
66
73
853
718
58
330
170
462
134
321
187
460
101
787
44
407
453
25
420
94
152
602
844
390
59
577
638
550
199
124
866
245
778
106
984
168
93
419
737
849
488
517
181
486
523
499
786
354
74
3
827
510
10
78
191
502
546
378
96
703
213
286
811
923
526
629
676
703
760
271
525
126
917
285
891
372
588
816
305
407
94
228
444
67
368
271
873
74
353
744
634
456
473
647
388
1
216
781
471
418
20
624
909
588
787
896
702
616
465
213
208
268
334
583
913
703
362
579
75
308
493
319
184
642
646
866
92
346
461
16
905
494
537
185
446
79
882
746
153
304
878
818
773
682
1000
511
133
730
724
916
384
602
68
391
82
949
384
294
384
961
533
256
499
972
118
691
787
55
676
410
532
299
85
816
791
184
230
874
862
667
157
279
147
874
806
118
613
59
580
621
688
977
448
102
700
182
137
323
593
786
23
320
333
402
565
657
292
862
741
587
248
735
468
355
178
671
826
187
989
479
776
538
936
683
629
601
745
679
284
911
43
229
572
895
773
206
398
822
629
866
61
712
94
122
661
838
589
308
855
593
944
280
716
941
241
809
22
670
4
838
181
819
582
319
533
795
781
16
270
329
9
734
201
370
190
526
830
904
672
733
513
73
253
595
159
55
475
749
984
326
190
188
145
265
981
471
363
619
177
759
815
517
124
38
796
798
871
140
406
977
108
401
346
285
436
680
921
949
643
932
643
513
740
56
602
777
398
432
35
684
72
797
669
531
676
520
514
924
247
720
290
911
671
3
982
338
729
14
55
840
359
429
568
246
419
138
41
193
712
591
227
973
937
35
347
731
405
511
951
634
535
904
312
696
912
771
661
933
871
260
963
841
867
496
979
914
78
478
590
595
922
123
866
847
727
458
117
355
459
756
303
676
445
373
391
566
714
204
259
547
174
899
166
542
51
644
663
267
408
471
767
953
280
578
536
977
876
279
940
783
755
742
653
634
579
356
5
319
235
102
142
10
490
855
329
121
419
56
283
109
7
346
386
733
777
87
966
955
188
528
352
578
313
5
208
215
673
876
341
502
917
32
780
708
151
528
110
275
705
447
587
195
96
532
926
11
80
246
846
479
482
525
944
983
519
456
388
248
992
730
716
794
413
605
622
208
476
494
645
301
356
172
687
186
417
642
58
641
464
227
412
440
638
924
240
528
286
873
829
757
195
428
617
105
927
240
245
74
674
999
22
907
287
284
562
543
643
856
970
652
99
625
796
845
778
794
436
142
925
989
872
381
382
413
764
603
362
287
180
624
328
975
923
308
560
863
519
442
542
872
24
320
290
828
680
578
653
812
988
81
540
932
69
975
929
929
83
278
555
519
795
225
128
562
139
624
7
420
306
249
723
537
286
218
378
37
183
196
664
423
789
631
655
471
27
509
207
293
517
806
904
696
300
393
196
749
340
691
900
320
262
577
639
408
287
356
617
290
526
996
208
189
710
995
735
963
34
241
729
968
651
896
474
964
711
818
661
131
2
303
571
827
620
135
694
200
86
577
502
230
777
845
153
45
389
152
750
833
406
989
936
885
593
840
134
730
411
542
451
643
331
112
733
134
340
3
965
97
651
922
617
93
709
758
965
463
150
208
291
503
915
71
77
800
580
436
957
168
202
863
247
833
654
805
404
836
141
854
36
90
440
765
592
594
84
85
743
881
661
262
994
876
27
532
139
518
349
821
68
446
897
490
480
515
31
740
778
223
233
627
764
592
904
34
707
470
688
782
619
669
280
388
493
236
58
474
433
511
250
633
542
819
458
852
246
564
494
130
927
528
262
115
76
768
601
562
739
405
820
259
158
795
483
350
429
163
845
232
438
471
322
585
714
607
821
525
882
254
388
732
942
160
28
126
670
764
968
695
959
151
896
185
536
977
194
292
313
967
989
864
196
775
942
546
731
554
41
502
72
208
597
317
690
714
519
708
274
929
46
250
147
499
957
854
76
377
72
894
426
261
127
979
350
811
681
852
189
680
160
147
301
628
951
932
21
886
200
228
18
93
693
216
336
300
645
450
704
231
866
727
829
386
889
853
943
101
408
443
123
506
263
858
881
563
51
190
51
153
505
329
428
747
811
433
437
28
891
827
283
463
630
360
430
264
240
387
854
106
240
367
825
291
341
782
853
273
816
785
97
49
119
675
280
832
541
475
78
920
963
569
556
915
256
44
819
61
281
345
506
282
170
956
387
346
747
775
760
997
472
819
353
1
617
276
527
490
275
766
887
753
252
307
809
865
386
345
493
952
278
210
172
316
582
975
53
797
79
926
756
242
731
425
795
126
717
885
592
158
23
743
174
674
949
136
710
730
762
235
536
443
269
502
308
613
420
256
875
271
275
339
991
613
759
208
923
640
814
539
982
387
681
823
921
458
441
646
931
11
162
921
87
241
304
267
212
321
453
708
991
774
261
265
383
24
185
179
344
468
673
733
845
310
80
648
655
969
362
373
875
992
184
450
808
654
413
404
863
662
772
383
400
999
313
127
763
536
301
355
327
300
540
303
31
309
476
932
668
874
668
395
500
272
903
52
918
139
306
29
586
775
116
567
728
196
953
132
303
73
84
567
96
611
176
553
7
206
302
306
440
238
789
489
869
377
367
25
186
185
685
515
615
208
242
871
738
502
737
641
215
389
820
286
66
770
811
380
614
253
694
264
48
675
220
840
740
267
850
878
840
874
481
939
476
772
890
913
422
713
63
365
512
444
7
68
569
918
224
830
975
37
866
132
521
519
440
884
36
897
999
272
775
471
430
461
496
941
90
212
726
381
911
994
452
388
460
183
898
58
257
51
90
362
58
771
394
38
845
620
994
464
583
470
460
884
632
353
650
691
212
990
764
280
735
769
105
159
737
311
696
958
125
572
299
613
785
492
903
997
158
118
611
794
534
760
980
419
523
587
500
909
947
751
331
321
713
186
14
133
989
937
339
921
954
726
822
385
215
807
687
749
517
290
139
223
578
196
556
367
475
809
776
594
195
265
629
207
29
806
697
628
901
660
4
294
132
748
496
664
233
977
526
244
545
799
425
992
305
594
89
916
60
364
520
993
958
808
795
529
798
834
115
469
360
553
245
217
996
317
701
864
420
53
15
282
191
501
988
570
82
16
319
265
312
579
730
974
936
607
265
581
972
244
854
347
751
15
260
243
800
512
781
115
915
374
268
309
690
649
504
555
428
58
808
618
391
490
141
923
946
516
325
634
749
913
172
428
73
825
308
542
376
612
223
176
419
203
249
851
699
552
978
452
296
300
977
47
846
311
791
608
460
323
971
421
403
282
170
527
370
656
19
993
943
812
90
4
844
235
66
283
319
640
383
860
572
999
195
436
268
620
639
130
587
722
506
255
257
130
422
552
721
802
780
835
394
691
998
977
528
654
935
986
72
173
891
979
666
969
320
434
280
367
69
828
47
509
642
348
953
596
11
395
366
792
901
863
476
337
722
568
334
829
181
261
254
756
673
548
54
707
271
144
597
529
222
236
78
230
234
467
249
570
67
148
933
668
66
995
880
658
513
27
765
305
52
231
396
955
212
279
599
521
193
63
973
625
948
126
476
279
436
181
136
336
706
119
140
211
545
195
329
965
134
281
264
210
462
457
695
361
93
798
100
130
599
651
860
573
101
862
898
96
589
572
867
28
639
866
988
614
315
502
226
120
103
131
161
350
762
720
945
217
936
17
781
436
302
62
961
61
870
408
320
446
155
752
683
372
955
222
295
802
148
494
772
551
291
9
719
94
290
280
8
336
570
25
284
955
664
256
594
563
717
74
630
453
383
933
644
20
32
697
840
435
720
246
920
716
802
947
319
674
653
775
430
230
41
318
103
417
302
165
688
24
473
241
796
162
611
804
284
447
343
491
868
119
747
810
818
361
815
804
103
478
111
485
380
208
874
403
329
622
3
768
356
508
953
95
815
533
262
365
272
807
398
808
355
85
322
75
457
713
32
424
510
724
254
227
745
260
301
249
871
788
793
668
380
842
280
146
712
428
116
564
768
864
334
390
993
584
502
702
238
143
920
37
676
473
145
396
778
866
826
958
208
541
424
273
666
713
981
113
107
404
783
717
68
336
582
434
170
775
120
868
902
433
996
483
998
13
413
262
236
990
503
423
563
646
602
288
452
689
954
73
332
22
608
27
657
958
81
8
387
804
961
750
804
257
67
32
121
981
795
732
372
442
176
518
634
163
29
680
511
216
570
90
24
912
839
102
696
300
259
831
697
227
979
753
981
195
692
825
423
840
667
676
363
624
746
274
756
85
923
494
933
993
181
114
409
97
137
948
449
442
52
14
514
199
596
720
655
895
236
30
913
412
28
745
481
308
847
654
48
866
557
121
244
113
598
17
507
596
784
262
704
7
659
233
235
652
82
869
973
259
607
392
292
267
214
31
672
835
228
619
388
411
126
801
302
417
854
301
983
299
84
609
629
110
261
192
573
89
507
685
971
550
516
261
118
280
3
673
910
994
391
261
213
887
949
686
635
227
489
934
157
88
738
148
276
444
699
245
395
714
116
395
800
154
290
346
26
110
518
39
585
649
280
237
94
798
106
414
493
856
719
597
178
326
367
125
872
572
284
47
504
541
848
281
385
183
845
678
229
480
550
384
192
207
560
531
181
964
845
263
551
593
739
310
740
219
910
360
698
17
941
127
438
286
972
371
455
862
186
803
429
340
357
575
580
820
297
918
889
261
254
265
848
718
191
62
487
405
758
655
672
240
88
496
434
414
989
869
910
576
538
982
994
807
373
963
203
158
796
517
471
402
310
537
39
113
253
486
755
162
552
72
663
355
267
469
988
875
502
855
917
362
287
548
781
1000
732
34
888
954
347
819
307
237
526
82
939
39
256
872
122
651
548
583
443
566
949
56
501
610
879
847
602
988
811
287
874
433
435
174
461
888
504
902
740
37
79
821
509
976
237
185
300
737
783
846
637
779
586
112
671
941
658
88
219
176
360
221
135
202
747
815
767
334
556
960
374
881
582
108
548
46
757
311
978
290
676
619
445
366
368
411
835
835
846
277
968
166
489
202
273
220
806
999
982
183
538
982
378
998
72
345
918
317
499
253
889
785
934
609
573
743
450
938
881
139
936
146
742
217
238
655
62
132
230
487
112
306
427
541
526
861
375
953
460
198
581
34
635
73
504
307
256
384
17
184
303
388
799
448
230
502
268
117
278
206
759
297
716
680
580
616
297
905
42
368
133
579
720
28
222
295
402
817
867
29
500
344
444
151
80
614
302
895
149
606
289
600
975
660
920
255
333
412
660
993
161
229
399
825
514
752
830
740
234
591
723
617
239
328
40
351
575
239
318
900
312
894
793
874
767
525
902
428
495
714
184
61
424
861
411
833
472
869
491
472
311
948
411
813
480
278
931
238
535
302
767
344
572
863
495
408
365
662
179
76
490
403
794
748
531
614
941
600
658
802
450
774
313
988
980
521
325
171
571
859
438
776
649
662
233
978
356
940
819
191
49
894
956
502
312
601
590
787
953
966
758
30
725
648
399
585
88
585
668
965
171
746
623
488
18
387
136
854
433
192
92
730
629
933
943
481
347
285
205
53
413
793
597
512
250
489
139
830
843
993
177
257
494
918
770
960
873
366
621
322
16
449
533
261
906
680
151
650
328
905
42
180
947
262
672
84
355
953
38
198
238
442
569
750
638
75
540
224
743
26
882
775
358
110
193
930
12
455
420
680
673
799
989
698
517
769
340
835
658
685
334
220
622
144
898
808
681
782
646
324
801
48
723
17
974
779
407
664
336
488
538
243
793
360
33
770
65
155
576
724
682
150
40
549
642
331
862
123
796
200
317
641
157
590
121
669
33
526
535
310
700
738
683
296
869
184
503
768
144
724
223
199
988
318
77
73
994
731
322
1000
991
408
744
708
355
467
269
664
160
942
345
925
912
724
832
842
870
385
161
404
825
607
169
374
773
374
37
385
896
409
89
73
350
787
244
376
218
588
461
990
271
57
903
243
306
667
884
83
226
533
37
576
818
329
541
8
454
751
242
627
844
490
270
970
490
451
999
883
964
303
717
224
810
609
102
113
621
921
916
720
3
265
642
912
163
882
744
404
878
795
494
745
508
878
358
900
270
992
246
28
343
723
741
909
295
178
552
840
522
909
253
21
446
904
23
132
931
358
13
378
90
57
31
503
294
264
992
662
147
82
94
702
87
543
307
298
435
16
12
269
750
851
415
178
610
444
725
604
878
842
219
975
148
404
728
406
256
162
930
792
938
965
897
288
717
787
533
177
176
40
497
612
391
607
210
472
270
836
94
53
878
830
623
500
279
197
789
389
971
615
721
742
171
228
433
309
685
541
966
456
398
4
478
463
494
595
664
364
588
13
222
758
634
217
787
184
544
122
274
390
827
87
713
555
138
99
714
249
669
316
712
346
312
986
591
820
54
991
844
728
40
878
397
750
359
743
189
205
797
852
133
206
510
857
466
641
255
568
90
90
118
574
20
867
526
155
711
345
605
1000
582
252
642
819
223
549
583
859
918
182
297
375
254
472
527
103
651
450
106
646
778
716
617
818
934
586
523
683
278
228
47
697
548
899
260
409
281
513
159
61
642
760
702
491
904
820
970
102
364
513
707
496
61
890
131
540
908
656
668
948
523
433
92
301
899
737
194
151
292
604
183
442
565
781
25
114
547
222
687
999
309
481
411
302
909
875
990
431
489
99
514
149
230
547
841
106
254
206
21
236
370
382
70
576
522
750
267
276
651
218
529
174
125
822
431
754
795
533
117
38
43
839
242
827
311
974
858
112
436
740
767
217
103
999
537
832
495
353
783
929
73
935
741
517
288
793
626
785
840
815
893
632
650
982
623
65
986
55
162
41
668
826
812
839
704
866
448
412
349
48
20
85
707
11
154
661
67
574
106
187
729
379
741
542
723
419
790
130
389
722
201
942
884
243
90
765
246
826
605
565
805
955
248
156
292
221
353
984
845
347
829
684
264
781
186
766
658
785
943
575
258
35
853
880
130
683
846
26
116
997
418
984
230
267
35
636
542
763
754
761
172
100
842
191
890
254
688
558
373
800
903
954
416
199
840
901
594
794
697
567
725
537
793
907
366
285
241
257
53
524
868
106
121
570
205
609
143
677
251
951
83
159
399
560
857
403
96
557
721
973
686
561
980
362
958
134
607
6
202
452
342
140
316
256
999
794
435
506
76
700
823
292
390
215
38
964
311
954
904
637
610
767
779
304
507
893
99
654
756
412
386
920
353
708
195
910
77
214
360
345
169
459
810
620
702
526
428
922
106
919
504
354
222
388
251
188
106
278
232
968
26
306
491
274
970
940
845
524
389
286
587
353
62
460
50
771
904
408
627
715
266
727
669
222
739
843
998
36
286
261
604
894
726
815
247
422
768
211
471
674
241
990
432
785
875
419
108
538
296
378
82
596
174
867
874
458
830
663
400
421
815
823
536
984
333
865
236
634
307
320
617
482
932
976
179
783
493
174
468
908
312
614
105
129
856
301
447
963
83
766
594
499
328
903
983
782
956
236
589
189
986
104
401
886
738
597
445
642
877
293
881
734
626
860
438
632
754
257
80
794
559
421
388
553
323
1000
491
483
794
905
333
197
885
202
229
513
197
865
607
350
261
242
455
536
902
71
249
965
217
739
848
863
105
59
801
623
359
809
490
555
262
80
72
325
476
434
594
831
180
199
696
399
88
417
601
303
632
937
115
633
183
887
575
552
82
774
464
452
604
725
699
587
946
55
665
39
218
272
716
352
371
959
525
231
295
962
35
346
636
731
252
93
724
720
434
893
48
939
713
970
5
331
722
704
73
429
111
467
319
811
507
592
401
921
907
478
951
317
65
430
994
176
755
357
562
658
769
452
880
102
279
871
727
490
615
61
97
49
163
742
769
66
284
297
864
191
244
536
175
288
827
626
27
286
326
227
607
722
769
475
625
669
285
103
412
495
253
503
532
221
45
192
146
47
616
442
552
511
622
29
634
53
161
290
355
248
67
358
524
705
321
